0 0 56 265 312 367
1 1 365 377 416 549
2 2 312 376 526 531
3 3 155 274 390 602
4 4 228 234 469 564
5 5 57 116 180 239
6 6 219 238 353 398
7 7 93 346 378 511
8 8 76 164 398 507
9 9 142 158 176 562
10 10 125 175 339 485
11 11 112 279 405 582
12 12 76 96 298 590
13 13 93 372 410 511
14 14 246 278 398 433
15 15 16 130 347 444
16 15 16 246 399 433
17 17 61 238 246 248
18 18 56 216 293 554
19 19 168 233 380 516
20 20 248 291 474 533
21 21 253 330 433 434
22 15 22 186 386 390
23 23 51 238 246 560
24 24 29 188 208 406
25 25 55 125 241 484
26 26 56 185 216 576
27 27 218 238 433 579
28 28 62 278 316 327
29 24 29 76 406 548
30 30 70 205 269 523
31 31 116 149 269 313
32 4 32 190 262 565
33 33 128 165 353 437
34 7 34 37 428 457
35 35 167 194 430 468
36 36 129 339 484 568
37 37 234 445 454 565
38 0 38 230 468 493
39 37 39 116 410 603
40 40 232 300 316 433
41 41 44 134 367 452
42 42 239 469 583 591
43 43 336 349 388 491
44 44 329 452 569 607
45 45 125 144 241 467
46 46 158 176 460 494
47 47 238 302 519 569
48 48 295 318 438 548
49 49 232 246 327 433
50 50 63 287 468 607
51 23 51 210 246 278
52 52 171 215 277 368
53 53 80 93 125 511
54 54 87 218 552 584
55 55 93 125 178 378
56 56 201 367 468 589
57 37 57 116 445 565
58 58 136 464 468 571
59 59 151 337 347 471
60 60 130 253 288 512
61 17 61 246 248 474
62 62 246 327 433 572
63 63 225 329 479 607
64 64 365 377 514 548
65 65 90 329 433 479
66 66 208 398 406 548
67 67 199 218 273 607
68 68 71 196 334 399
69 69 71 299 576 589
70 70 349 363 388 528
71 71 132 399 511 564
72 61 72 211 248 524
73 73 167 345 386 453
74 74 230 406 438 493
75 16 75 130 416 433
76 29 76 188 398 406
77 71 77 80 219 230
78 78 182 492 493 576
79 79 238 392 431 572
80 80 93 125 339 485
81 81 437 452 572 607
82 82 246 416 433 580
83 83 234 371 384 436
84 32 84 277 359 466
85 76 85 188 398 406
86 86 286 397 444 599
87 87 188 232 246 377
88 88 110 305 364 563
89 89 149 205 269 520
90 90 312 329 569 607
91 91 145 157 280 604
92 10 92 303 378 469
93 80 93 125 469 511
94 94 302 311 433 579
95 95 182 230 493 569
96 12 76 85 96 398
97 97 176 246 416 600
98 98 129 135 352 428
99 44 83 99 329 356
100 100 341 391 534 590
101 93 101 125 511 583
102 102 246 327 433 589
103 103 176 488 516 524
104 61 104 297 304 338
105 105 290 465 474 555
106 93 106 129 241 467
107 107 164 353 488 503
108 108 116 234 410 601
109 15 109 130 250 444
110 110 248 364 483 563
111 24 29 111 398 399
112 58 83 112 155 571
113 113 147 204 290 474
114 56 90 114 134 452
115 115 143 378 529 569
116 57 116 410 445 469
117 117 130 347 463 531
118 118 232 246 248 465
119 119 349 363 455 528
120 120 228 234 445 454
121 121 297 329 433 609
122 122 246 406 581 600
123 16 123 253 329 442
124 61 124 211 248 297
125 93 125 378 506 511
126 126 187 395 411 517
127 56 127 136 230 493
128 128 218 229 238 433
129 129 144 241 467 573
130 15 16 130 342 399
131 131 199 306 329 488
132 125 132 378 511 564
133 45 125 133 352 511
134 90 134 329 451 569
135 135 239 283 352 583
136 58 136 289 571 589
137 137 215 374 449 492
138 138 392 465 474 581
139 139 238 287 479 589
140 140 219 246 433 572
141 93 125 141 511 564
142 9 142 158 357 582
143 143 285 424 433 569
144 45 129 144 467 573
145 91 119 145 344 374
146 120 146 193 334 430
147 113 147 153 290 555
148 148 185 264 302 523
149 149 269 388 450 520
150 150 213 455 491 528
151 130 151 347 414 496
152 40 152 240 416 525
153 147 153 211 290 549
154 114 134 154 452 590
155 155 274 390 468 596
156 100 156 192 341 391
157 91 157 235 439 575
158 9 46 158 425 490
159 90 159 312 329 569
160 160 166 309 395 487
161 116 161 403 436 454
162 10 162 303 359 480
163 163 182 302 492 493
164 78 164 398 492 493
165 165 238 253 433 579
166 166 219 238 329 433
167 15 136 167 220 468
168 44 168 199 356 380
169 93 169 378 454 457
170 31 170 371 384 523
171 171 188 253 398 590
172 53 93 172 445 469
173 173 346 445 511 583
174 86 142 174 405 562
175 80 125 175 339 484
176 67 176 380 524 589
177 71 177 253 369 438
178 93 125 178 378 469
179 76 179 398 399 406
180 5 173 180 403 591
181 181 390 413 479 607
182 78 95 182 493 531
183 153 183 514 549 566
184 19 131 184 246 262
185 56 148 185 312 589
186 15 186 386 433 579
187 126 187 289 516 553
188 24 188 208 377 406
189 189 246 299 470 580
190 39 108 190 372 601
191 25 55 191 378 484
192 16 192 246 398 399
193 146 193 217 256 367
194 181 194 390 424 452
195 188 195 406 493 527
196 16 68 196 334 335
197 197 329 390 424 569
198 198 390 468 479 589
199 67 199 218 380 479
200 44 200 303 329 569
201 56 201 287 468 596
202 188 202 398 438 459
203 203 232 253 416 433
204 113 147 204 290 581
205 149 205 269 450 520
206 123 206 280 391 448
207 95 182 207 343 493
208 24 188 208 416 438
209 76 209 474 585 595
210 62 210 246 278 521
211 61 211 246 248 278
212 74 212 230 406 438
213 205 213 269 388 528
214 165 214 250 355 369
215 155 215 274 411 468
216 18 56 216 293 367
217 76 193 217 311 369
218 218 238 273 437 607
219 219 238 433 569 572
220 155 167 220 289 468
221 140 221 232 304 433
222 165 222 253 369 433
223 200 223 274 366 596
224 18 200 224 513 596
225 63 218 225 306 479
226 226 232 246 325 527
227 71 227 230 399 493
228 228 234 378 469 583
229 128 219 229 238 433
230 29 230 398 406 493
231 67 231 273 380 572
232 232 246 433 580 600
233 18 19 185 216 233
234 37 228 234 445 454
235 235 391 534 574 596
236 226 232 236 246 281
237 139 237 421 434 464
238 165 218 238 433 579
239 42 239 283 558 591
240 232 240 299 416 496
241 45 129 241 467 573
242 242 283 394 485 583
243 182 243 265 367 523
244 244 309 395 487 499
245 131 245 369 433 482
246 140 246 377 433 600
247 29 247 398 474 585
248 61 67 248 297 304
249 59 249 263 395 517
250 15 250 295 399 432
251 147 251 318 400 566
252 73 82 220 252 299
253 165 246 253 398 433
254 166 225 254 293 408
255 14 20 248 255 465
256 90 128 193 256 329
257 188 257 459 580 600
258 6 165 222 258 569
259 181 186 220 259 286
260 16 130 260 316 432
261 116 261 313 403 565
262 143 262 452 487 592
263 263 303 339 398 578
264 148 201 264 303 576
265 56 265 371 468 596
266 230 266 302 398 493
267 265 267 411 468 596
268 149 268 336 363 455
269 149 205 269 388 520
270 266 270 311 344 376
271 14 23 271 438 600
272 37 228 234 272 445
273 67 218 273 379 607
274 155 274 289 390 602
275 119 239 275 497 528
276 276 349 388 491 528
277 59 277 337 448 564
278 211 246 278 433 560
279 176 199 279 483 524
280 225 280 300 412 472
281 238 281 329 353 433
282 36 53 178 282 422
283 93 239 283 583 591
284 136 167 284 345 468
285 143 285 300 424 569
286 63 259 286 355 479
287 287 413 468 479 589
288 60 90 288 509 512
289 136 274 289 468 571
290 105 147 204 290 549
291 20 67 219 291 589
292 32 123 178 292 450
293 18 56 216 293 554
294 130 294 347 416 432
295 250 295 299 335 548
296 25 296 367 587 601
297 121 248 297 572 609
298 12 96 114 298 332
299 232 299 442 496 580
300 165 238 285 300 592
301 149 205 269 301 520
302 148 163 266 302 569
303 44 303 313 523 569
304 17 248 297 304 338
305 72 110 147 305 400
306 63 225 273 306 479
307 147 246 290 307 425
308 136 220 289 308 589
309 136 160 166 309 571
310 286 288 302 310 361
311 90 159 311 312 468
312 90 134 312 451 468
313 116 313 540 565 601
314 26 308 314 420 553
315 63 131 315 369 599
316 151 232 316 361 433
317 17 248 297 317 559
318 29 48 246 318 548
319 29 210 290 319 433
320 320 346 457 583 591
321 165 321 329 433 444
322 37 322 511 565 601
323 117 119 323 399 449
324 274 324 390 468 602
325 226 232 253 316 325
326 62 130 326 471 572
327 62 246 327 329 589
328 22 328 399 414 496
329 90 238 329 433 569
330 61 140 232 246 330
331 253 329 331 433 579
332 12 96 298 326 332
333 140 219 333 398 433
334 68 71 132 334 587
335 71 246 250 253 335
336 269 336 388 491 528
337 151 337 342 347 432
338 232 246 304 316 338
339 80 125 339 373 378
340 20 77 110 140 340
341 100 156 341 383 590
342 15 16 130 342 347
343 14 207 343 433 550
344 270 344 376 439 554
345 73 131 345 386 390
346 7 93 346 378 469
347 15 130 151 342 347
348 141 348 403 454 511
349 349 363 388 450 528
350 232 350 416 431 489
351 61 246 248 278 351
352 45 55 101 133 352
353 238 353 424 433 569
354 26 92 185 264 354
355 199 306 355 433 479
356 176 327 329 356 479
357 9 142 350 357 582
358 197 329 353 358 398
359 10 162 296 359 480
360 20 353 360 437 572
361 16 130 316 361 399
362 335 362 399 438 514
363 149 349 363 388 528
364 110 140 248 364 563
365 29 188 246 365 377
366 223 356 366 479 589
367 56 216 367 451 576
368 265 329 353 355 368
369 165 222 253 329 369
370 186 370 427 433 476
371 83 371 384 436 523
372 57 372 410 445 601
373 129 339 373 568 573
374 85 253 374 463 592
375 219 238 375 433 569
376 270 344 376 468 554
377 64 188 246 377 600
378 93 125 346 378 469
379 67 248 273 379 560
380 67 231 380 479 524
381 20 61 246 290 381
382 200 382 460 534 574
383 341 383 433 448 515
384 56 83 371 384 523
385 385 485 587 591 601
386 90 386 468 479 589
387 48 387 487 508 538
388 149 269 363 388 528
389 143 177 189 300 389
390 197 274 329 390 468
391 100 341 391 408 590
392 61 138 238 392 572
393 45 125 378 393 506
394 42 93 239 394 591
395 66 335 395 501 517
396 136 167 220 345 396
397 15 86 397 444 600
398 76 188 253 398 438
399 16 130 246 399 548
400 147 400 508 585 600
401 178 401 511 583 591
402 130 151 260 402 432
403 378 403 410 454 565
404 75 186 404 579 584
405 11 99 405 483 604
406 24 29 188 406 548
407 29 61 76 278 407
408 136 155 215 408 468
409 155 220 274 409 468
410 403 410 454 583 601
411 155 215 289 411 571
412 335 412 418 433 531
413 67 413 479 598 607
414 16 130 151 399 414
415 15 285 286 347 415
416 232 246 399 416 580
417 246 416 417 442 580
418 16 238 418 433 572
419 165 238 246 419 433
420 15 192 308 420 496
421 136 284 414 421 589
422 53 80 339 378 422
423 246 316 329 416 423
424 238 424 569 579 607
425 140 147 307 380 425
426 60 76 202 426 557
427 218 329 424 427 607
428 98 129 428 484 583
429 85 262 343 429 569
430 35 146 430 519 523
431 238 246 431 433 463
432 130 250 294 399 432
433 165 219 238 329 433
434 188 246 365 377 434
435 435 446 454 475 583
436 83 161 371 436 601
437 67 218 437 479 607
438 208 398 406 438 548
439 15 60 94 370 439
440 111 230 365 399 440
441 156 439 441 478 540
442 177 188 299 398 442
443 132 372 443 511 587
444 15 232 246 444 486
445 37 234 445 511 565
446 93 446 511 583 591
447 67 248 287 447 560
448 60 335 347 433 448
449 323 329 449 496 545
450 149 269 349 388 450
451 56 134 312 367 451
452 44 63 424 452 607
453 73 109 259 260 453
454 378 403 454 469 511
455 268 388 455 491 528
456 44 100 266 456 590
457 125 378 457 469 583
458 76 307 458 581 600
459 188 246 459 580 600
460 188 246 250 335 460
461 155 220 408 461 468
462 143 398 438 462 463
463 16 238 433 463 548
464 56 58 367 464 468
465 61 105 465 474 580
466 32 299 358 466 531
467 45 129 144 241 467
468 56 201 468 589 596
469 93 178 346 378 469
470 66 299 398 470 580
471 130 188 377 399 471
472 192 260 448 472 548
473 287 413 473 479 589
474 20 61 209 465 474
475 234 454 457 475 583
476 218 380 433 476 479
477 44 57 128 229 477
478 287 366 408 468 478
479 63 238 433 479 607
480 10 162 359 466 480
481 6 437 481 569 607
482 218 380 433 482 524
483 67 225 273 279 483
484 125 129 378 484 573
485 80 93 339 485 591
486 76 444 486 580 600
487 166 262 398 487 580
488 67 131 479 482 488
489 232 246 350 377 489
490 158 290 425 465 490
491 150 336 349 455 491
492 78 163 451 492 493
493 95 163 230 493 548
494 121 248 297 494 559
495 406 416 471 486 495
496 15 151 299 416 496
497 125 339 378 484 497
498 16 167 252 498 512
499 44 56 452 499 596
500 149 269 388 500 520
501 63 134 395 468 501
502 16 246 250 414 502
503 131 199 262 286 503
504 186 203 440 504 532
505 279 486 505 508 524
506 125 346 378 393 506
507 8 14 66 448 507
508 176 380 482 508 524
509 327 468 479 509 589
510 188 208 351 510 580
511 93 125 378 454 511
512 60 71 398 422 512
513 246 327 513 560 589
514 24 188 514 548 600
515 179 301 383 398 515
516 176 327 356 516 589
517 249 395 424 503 517
518 260 412 518 541 550
519 219 329 433 482 519
520 149 205 269 450 520
521 62 210 433 521 572
522 188 246 522 580 600
523 175 303 384 485 523
524 67 176 380 482 524
525 40 152 232 240 525
526 185 233 287 526 576
527 226 246 316 433 527
528 269 276 363 388 528
529 378 403 454 457 529
530 76 230 398 493 530
531 182 230 493 531 548
532 121 188 470 532 561
533 20 248 379 533 572
534 38 100 267 534 574
535 125 378 454 484 535
536 105 188 232 377 536
537 140 318 397 425 537
538 140 387 400 458 538
539 76 128 253 406 539
540 57 410 446 540 591
541 140 238 300 380 541
542 66 85 219 433 542
543 70 213 269 388 543
544 207 216 367 464 544
545 77 367 449 545 554
546 155 265 267 274 546
547 76 188 195 547 590
548 29 406 438 493 548
549 29 153 290 549 581
550 61 246 465 550 580
551 90 287 427 452 551
552 238 316 433 552 584
553 327 356 516 553 589
554 18 216 468 554 596
555 105 147 290 465 555
556 71 77 493 548 556
557 44 329 426 557 607
558 57 116 239 558 591
559 218 248 297 433 559
560 67 278 433 560 572
561 329 424 479 560 561
562 9 142 176 524 562
563 72 110 364 490 563
564 7 132 141 511 564
565 37 403 445 511 565
566 183 211 566 595 600
567 53 141 334 443 567
568 125 144 339 373 568
569 238 329 375 433 569
570 224 298 311 526 570
571 136 289 468 571 576
572 62 238 433 560 572
573 129 144 241 467 573
574 235 250 382 534 574
575 15 157 179 206 575
576 201 367 468 571 576
577 9 82 505 562 577
578 44 263 303 578 590
579 165 238 424 433 579
580 232 257 299 580 600
581 122 246 290 465 581
582 11 142 176 483 582
583 173 320 410 457 583
584 16 294 316 552 584
585 61 209 474 585 595
586 56 155 216 468 586
587 55 378 385 511 587
588 13 37 234 372 588
589 287 327 468 479 589
590 100 398 456 578 590
591 93 320 346 485 591
592 253 262 398 433 592
593 320 346 445 591 593
594 95 267 565 590 594
595 61 62 246 524 595
596 201 265 468 596 602
597 300 417 465 486 597
598 67 413 560 589 598
599 63 131 306 479 599
600 232 246 377 580 600
601 372 410 445 511 601
602 155 274 468 596 602
603 39 45 135 352 603
604 176 199 380 555 604
605 131 390 473 488 605
606 95 367 451 569 606
607 63 424 437 479 607
608 129 339 378 484 608
609 248 273 297 304 609
